Solution times for 1 service points, 3 demand points, k=3
order: [BB, BB in place, box, box in place, iter]
seed: 872,	 times: [12.138, 11.426, 2.251, 1.822, 1.073] s 	 objectives: [497.9706176294931, 497.9706176294931, 497.970617629493, 497.970617629493, 498.3044681649152] 	 iterations: [1098.0, 1059.0, 17.0, 15.0, 2.0]
seed: 873,	 times: [0.853, 0.348, 0.353, 0.176, 0.088] s 	 objectives: [247.796808500241, 247.79680850024056, 247.79680850023993, 247.79680850023965, 431.02487674225904] 	 iterations: [25.0, 31.0, 5.0, 5.0, 2.0]
seed: 749