Solution times for 1 service points, 2 demand points, k=2
order: [BB, iter, box]
seed: 634,	 times: [240.001, 2.651, 0.154] s 	 objectives: [169.42220510185595, 120.81665382639197, 119.42220510185595] 	 iterations: [25350.0, 2.0, 3.0]
seed: 824,	 times: [240.003, 0.041, 0.145] s 	 objectives: [572.4554679212822, 365.1065884055533, 356.12239139344285] 	 iterations: [26528.0, 2.0, 6.0]
seed: 681,	 times: [115.0, 0.042, 0.064] s 	 objectives: [101.0, 176.13711180495142, 174.75696114886875] 	 iterations: [97.0, 2.0, 4.0]
